Route 1:
(38.9174113, -76.9722835)
(38.9180637, -76.9288244)
(38.8535078, -76.9828847)
(38.8496066, -76.9454828)
(38.8535078, -76.9828847)
(38.9180637, -76.9288244)
(38.916941, -76.972363)
(38.9141447, -76.97524159999999)
Route 2:
(38.8605912, -77.0011143)
(38.8328612, -77.0132239)
Route 5:
(38.90147959999999, -77.02345369999999)
(38.8920619, -77.0239682)
(38.893309, -77.0550975)
(38.8939159, -77.05314229999999)
(38.8983159, -77.0239548)
(38.9029986, -77.0220796)
(38.9158336, -76.9771016)
Route 6:
(38.900577, -77.0707359)
(38.9050438, -77.06878189999999)
(38.9193971, -77.0889522)
(38.9273741, -77.1038971)
(38.9282834, -77.10194919999999)
(38.9050417, -77.0689544)
Route 7:
(38.9099577, -76.98636139999999)
(38.9040184, -76.9931395)
(38.9004204, -76.9853674)
(38.90050069999999, -77.0085467)
(38.89509390000001, -77.0090769)
(38.891841, -76.99594499999999)
(38.892894, -77.016414)
(38.8875828, -77.0152181)
(38.864083, -76.946709)
(38.8898188, -76.95732919999999)
(38.890882, -76.94118)
(38.9001779, -76.9855259)
Route 8:
(38.904, -76.993135)
(38.91011, -77.00865)
(38.9548194, -77.00900539999999)
(38.9502653, -77.0272107)
(38.9165915, -77.0218854)
(38.9170184, -77.0364948)
(38.962181, -77.035924)
(38.9607936, -77.066649)
(38.955957, -77.071)
(38.9026301, -77.0214313)
(38.9073834, -77.0082355)